1 N D E X
339· ³³2» 577³ 347ae 1983586515 414. 71896. 13. ³³4· 113,

266 feroci 36 4, 11. 419, 456 245. 128 ,623. 156, 465.
16161621328, 443 fetutinas, 579 - 181, 561. 265, 436. 266,
{eremus 232, 279. 327, 1616911693, 464 446. 222, 15, adibi.

ι 442 *pror 243, 582. 273, 568. 161161966289, 127
ferendam, 707 296 326. 443, 176 favebatsz, 662
ferenda 306, 628 fem 348, 211. 3676, 317. favens 97, 571. 8239,466
{nendum 136, 696 377,ἑ4358 394, 76 7 1611661634644 ·

- ferendi· 394,7 ferox 3 ,77 68. 113, ferventesque 48, 8229

serendo 279, 683. 368, 118. 237. 1235,8 519. 136, 5. ferventi 169, 126
m⁴⁵³5m⁴2³59‚ 555 233 :332 13ἑῖζὲ 169· mxspuffiaeffl 445.
fecem 123, 522. 158, 621. eealibe. 656

243, 594. 321, 272. 468, feroxque 233, 312 1·61161216.566.8331,549

126 ferrataque 352, 323 fervidus 421, 48 5
161666661359, 565 ferre 33, 669. 49,.232. 136, ferali 166, 26 ·

16166161 422, 527. 426, 28. 158, 626. 212, 637. ferum 164, 77. 237, 422.’

⁶²7 214, 678. 223, 38. 242, 261, 178. 326, 396
6919171345 136 , 551· 163» 133168 360· 6110111990 202. 373· 449»
feren 57, 474. 142, 191. crabbi ⁸5

236, 387. 319, 267. 322, (61166 236, 247. 384, 516. ferunt 11, 152. 12, 158. 53,

27 356, 265. 417, 383 436, 721. 476, 781 231. 96, 399. 114, 266.
feret 246, 494- 368,168.1”6116111215,634,382 466 123, 499. et alib

451, 355. 471, 826 .472, {erret 308, 682. 414, 317 feruntque 357, 495

· 61101313 411 747 fzzfuffifffo 323, 84- 346» ἴᾜωὲᾖό 841637ρξ» ἒζέ
feretmmoqne94,50817o 122, 486. 186, 513. 211,
feretur 364, 26 1“6111, verb. 396, 6696 666. 294, 246. 297, 331.
seri 181, 549. 235, 355. ferm 16, 127. 63, 666. 77, 362, 621. 446, 241. 476,
f..·²..³.32{{²333.³⁰’ ⁵¹¹ 323, 67..ἔῗ”.ἒ3” ⁶¹3⁰? ἷξῖ ε..ἰὲἷ.’,., ⁸⁰⁰ . ’
feriendus 162, 715 251.172,271’ 18Ξ, 612, ferus 13,ς 18059. 158, 664.
1611661126, 96 617.184, 643.185, 666. 226,- 124 236, 466. 239.
161161116218,69.253,93 naabi. 469. 313, 56. 381, 444.
serinae 214, 686. 219, 813 ferroque 16, 141. 236, 245 394, 780. 397, 873
6111621456, 457 ferrove 348, 267 {effa 81, 163. 112, 213.
ferinis 311,4 1611113111671,198.1563464. 152,446.158,618.
1611116159,523.198,276 476, 789 346. 224, 83. 266, 293.
16116966157, 595 ferrum 16, 141. 77, 71. 78, 361, 486 334, 625
ferire 12 ,554- 164, 75 96.169,119.131,726.1’611’2111 56, 422. 331, 531.
1“6111,]ιι71. 8, 493. 269, 132, 734. 146, 132. 171, 418, 426
&divad-5⁴37? 614736 332, ἐξ. 621ζ5, kl35³3. 3Ξ1 ἓὲἰτζιωξέῗ gg 5²⁷

,ferisne 16, 249 alebi. festi 462, 628 .
. ferit 79, 119. 142, 264 ῖ61111111911686,14.8 96, 556. feffis 186, 51. 325, 393·

184, 641. 298, 386. 336, 161,698. 137, 39. 346, seffot 128, 34. 147, 323. ’

⁶82 ³53 389- 6»357 479 167· 367. 91· 381, 455·171.439·314, 359417.
1111116100 394 76 455 441 648
terium: 14, 198. 243, 661 fert 3.1 37, 775. 46, 21. seffum 94, 562 - ·
feritati· 15, 239. 87, 364. 73, 873. et alibi. fess'us 289,128. 321, 274.
²²⁶ ¹37 fer-³11⁶ 195 184 4²3 548· 94 777 ·
feriunt 163, 58 453, 465 fe usque ·,194 163. 366,
feriuntque 265, 428 ferte 398, 886 66
feto νεώ 51, 287.159, fertilis 159,642. 173, 317. festa 166, 33.6 295, 276.
’ 653· 180· 699 176 396 309 431.634 ι 150
fem adj. 83, 213.169, 113. fertilitas 153, 481 festa70, 795. 365, 598
148, 353 181, 557. 256, 16111111211151, 285 [61129116 348, 214
65 sertis 373, 227 441,117 . 1611111243, 581. 249, 746

549949, 3²9· 490 387,612.1”611ω46,184. 52, 326. 58, 16111112111163, 59
4

Q.

