ἱ

νοσΑΒυιοΚυΜ

‚longis 77, 48. 82, 196. ιοη4ς, 145 47, 200. 52, 10611153, 229: 125, 564.-

101'. 692, 706.122, 476. 3¹5 38,5 549

211, 587.· 263, 275. 395, 1011οκ40077, 63 x luctuque 418, 426

813. 417, 392 452, 377. 1011944,127.289, 114 luctum 390, 689

469. 772 ·· ¹0r¹s3⁰0 2.458 524 · luctus 382. 655· 33. ,··663
longisque 125, 567 1011900133, 760 54, 384 80,139.122,
longiffima 285. 5 ι062267. 347 484» 256. 549 207, 480· ·
bagms 51, ²9²· 67, 718. 78, loton 268, 365 238, 4 0. 239, 48 5. 260,

89. 79, 120 113, 236. 10005267, 341. 288, 96 155. (ἐξ alibi. .

151, 414ῖ..158, 631. 235, lubrica 126, 599 1116111170 375, 282

349. 252, 861.-329, 467. 11100 26, ·.494 32,630.71,111011111 76, 35. 82,176.ν

336, 703. 441, 111 807. 110, 169. 119, 401. 434, 836

100304, 14. 17, 277. 42, 172, 272. 192, 85. 312, 1110111 318, 190. 396, 845 · .,
82. 76, 37. 89, 364. 92, 24. 368, 100. 386, 592. ludere 32, 639. 72, 845.-
445. 242. ‘²03- 262. 20· 430. 775· 450, 334· 459. 396. 634 ,

gg? &⁴2⁵ ἷξε, 2⁵¹ ¹⁹⁹ 111οΞ1311ι 80,149.119,400. 1u12t1⁷49⁷⁵24²6²⁷ ι156ο ³9²·
’Ἢτν 2133?- ..116919 :33 ῑέξξ εξ ·⁴⁴-⁵ 1313791ὲὸ.. ’ ‚⁶2 ’
2
306 - lucemque 54, 383. 62, 594. luebat 99, 6255
angos· 53. 352· 227. 365· 229. 424 ¹⁰et 247 689
·318, 182. 326, 396 lucent 15, 239 1113021289,135
Λαμιαν, 54, 374. 113,22⁶. 1000111040, 24 - lugebat 321, 273
118, 65. 164, 64.195,luce⁸ 114, 262 ,lugebere 290, 141
176. 213, 661. 230, 240. luci 444, 1 · lugebisque 290, ¹42 a .
256, 63. 308, 688. 340,100κ1233,ἒ69 lugebitis 239, 487 · f
5. ὅ alibi. lucidior 395, 795 lugende 181, 570 ·
lmgumflue 228, 183 lucidus 54, 36 5 lugent 176, 402. 241, 523
hugus 37, 773. 380, 407 Lucifer 67, 7 ⁶3 ,ὐπἰ. 128, lugenti 180, 532 2-
longusque 16, 255 629. 129, 5. 315, 98. lugentis 203, 390
1119112166,696. 181,454 2, 570. 444, 189. 470, luget 30, 585. 181, 570
1010222102 297. 343 ³9 lugubre 279. 48 5
bqnatur 32, 648 lucifero 221, 2. 321, 271. lugubriaque 335, 669
loquaci 60, 540 · 324, 346 ' lugub ri· 53, 334.130, 6911
loquendi 90, 368. 160,678.1.1101112 280, 697. 302, 507,- 293, 225
275, 558. 346, 159 510 lumbis 250, 804 .
loquendo, 34, 682. 6, ²79· Lucinam 146, 304. 266, lumen 35, 720. 46, 181 ’
239. im 265. 30 364. 294 50.26 2 53. 3²³¹' 73. 657· .
12 100134, 17. 114, 258. 215, 141,159. 180, 515. 295,
loquentem 36,g 751. 152, 706. 242, 564. 410, 197 293. 336, 680. 385, 564.
453· 33 5. 556 ¹⁰00 23 ¹⁸9· ¹50239¹ · 97. 852· 409. 273· 473.
loquentes 146, 296 lucoque 192, 25. 324, 6360 47
loquenti 100, 674. 113, 224. lucos 18, 01. .,42 76.145, lumenque 394, 772
372, 222 · 265.24, 742 , 1011111124,10. 10,135. 34, Ν
1010226287. 295 302. 489· 1000ΐῖ02429. 447 , 663· 35. 724 726. 720 ,
351, 294 : 1116121110 166, 108 , · 37, 767. 4ο, 23. 43,1101,
loqueretur 346,162 Ιηᾶειηεὶςικ 181, 556· ’ ¹- 45, 149. 55, 388. 811, 335. ·
10900100101346, 163 π 1116122112 171, 242. 352, 91, 420. 94, 503. &alm
ι0212· 25. 233 36. 745· 58. 332 plur·

.,65 6658. 72, 829. 89, luctantiaque 117, 358 lumine 39, 4. 37, 470. 70,
35.116, 320. 119, 412. manta 189, 10 ’ 787. 88, 337. 92, 439,
126, 586. 142 194. 160,- 1001112400448, 300 · 255, 27. 301, 473. 329,
670. 162, 28. 4163111ὕί lustum 148, 354. 357, 468. 435, 847

101002 37. 772· 45. 242- 62. 483 luminibus 244. 248
571.115, 279. 126, 593. 106121219110429, 701 luminis 36, 740. 69, 752.
210, 549. 26 5, 291. 409, lu& bus 54, 384. 110, 160. 95, 517. 133, 775. 308,
172 8 621. 418, 431 691. 385, 564. 410, 189,
loquum 212, 615. 349, 1113118110 36, 732 , 200
241 ’ , --1116101 186, 694 11111247, 2885 53ζὴ344. ἲ 5,
, ‚ ,

