V O‘CA ΒΗ L Q RUM.

11601οἰ3 307, 665. 440, Αῐᾶοε 76, 45. 118, 615 113, 14οῘ 136, 36. 308,
97 arcuerat 287, 73 701. 384, 516
themo 358, 5158 1101111 58, 505.166, 319.110111111 151, 869, 307,1653.
,11666661 31 598· 55. 468· 355. 467· 439 173 466. 714» 467. 765
101, 7 163,130. 317, 0101111155,6414.56,440.61,1101113 57, 456. 117, 617.
158. 34, 111. 399,,91.1, 603. ζ6, 30. 81, 160. 1 148, 351.198,167.156, '
8.697 149. 3 6· 634. 361 ⁶!- ³³⁰'4'32‘ 333. 61538(
pharis 108,109, 116. arcumque 63, 615 1101111 73, 5. 31 8.
²35> 3676 ’8. 366· 358· 11561 65. 464· 34. 697· 46. 319· 631· 364. 35· ·447.
513. 418, 667. 81. 47, 195. 56, 429- 76, 168

11600 47,111. 111, 459. 41. 116, 3061.137,55.1101101’10405,81
188, 90.196, 310. 313, 158, 610. 1 64 6.111, 1101106 34, 701
46. 331, 551. 390, 690. ἢ 30.158,114,11 . 163, nent 174, 355
396, 810. 397, 847. 418, 131. 189, 108. 331, 56 1101111 19 ,177 413, 177.

11611114 ⁷:118,286. 67, 710 6645. ξιξ, 355ιῖ 433οζ {3}- {sangae 3⁵1506
arbuteis 31, 631 j 7, 184 arescere 178, 656
1164110059,104 * uque 81, 166 aiescunt 451, 351
'arbutus 188, 101 'Ardea 424, 573, 580 aret 47, 111. 447, ²⁸²2&ss- ·
’.Μ-010058, 500 ande-us, 15 470
Arcida8 83,110 · ardebant 107, 861 . Arethusa 156, 573
ΜΞ* 34 689· 55. 465· 1166611 380⁷ 468 Arethusae 151 409
262, 191. 450, 331 ardent 16, 493. 47, 116. Arge 35, 710
Arcados 15 ,118 5ο,150.191,106.111, 1113οη10160,536.189, ¹¹⁴:-
2rcana 64, 639. 69, 755. 610 . argenteus 43, 108. 91, 407.
113,113.174, 515. 300, 1111001010 313, 331 191,113
436 „- ardentibus 14,199 , . argenti 39.4 4 ,μ ,
artinis 195,191 ardentior 6, 46 argento 141, 189 „
‚Arcas 57, 468. 58, 497. &dentis 419, 691 argilla 246, 669
' 636 391 mere 119 40²· 476. 787 Α1161466. 476 443.1.64
me 15, 467. 33, 673. 40, ‘ardescit 137, 41 Argo 31, 614. 30, 635, 636.
{33:5⁸3 ἒζὲζ *ᾆῖ ἒξξ· Ῥάξξὶω ³³⁰? ⁵²³· ³⁴⁹³ A.,.s;.⁵.³}'„⁴{32,³³⁷
2
393. 342, 43 ardet 48,117,110,114. Argolicae 35, 726
110011 117, 608. 331, 584 91, 416.’ 141,166.158, Argussicar96, 560.131, 161.
1100111178, 89.119, 648 · 602- 183, 609. 348, 111. 346, 149
’1100111 51, 306. 70, 794. 450, 340 Arg111cis447,276 ,
“ 159,645.17,ὸ, 117. 107, ardetque 181, 714 Argolicosque 361, 617
46 5 . ⁷ 11601 x 1, 76. 239, 469.Ἀ130113 165, 176. . 266,
110001 170, 209 151, 18.158,101. 173, 3¹3
arcer-2271, 445 501. 1ἕ5, 561. 187, 81. Atgos49‚ 140
’1100167,711,710.144,139418,6 Argotque 176, 414
’ ” 104, 399.113, 54.141, 1160101 9,140 ‘ arguis 144, 247
547· 339. 569· 3⁶0 588 ardua 332· ⁷30· 41· 63 77. ΞΠ6161376. 697- 458. 594
365. 44· 371. 196 377. 61·198.9ο·647.691·.113ωωτ317.173
« 344· 454. 467· 461 586· 663. 636315· 396 369. A¹3¹³¹¹1²332f>70
473, 858. 474, 866 - 481. 330, 519 358, 511. argumenta 249, 745:
Artesms 36 . 144 · 419. 453 argumento 390 684-
,11005110 1 4. 651. 463, 41611113 u, 151, 19,· 316. argumentum 164, 69
⁶40 561 30⁶²· 131. 712 146. Arzus 36. 665· 33. 664.
asceta, 735. 313, 59 189. 186, 54. 316, 150. 680 .
4101691104 4,31 776 j 387,600.448,197 Aricina· 457, 488
*arcitenens 14, 441.171,1101131,191.448,198 arida 47, ²¹3· 49,138. 5¹·
665 mna ⁶¹» 573· 66 577. 675- 230 804 168 373·
afflone, 740 586.131,741.101, 361. 316, 119. 350, 274. 411,
’11ἃο 171,141. 179, 681 157, 84. 309, 716. 311, 510
hianti 44', 131. 375, 193. 16 341, 38. 34, 239. aridus 307, 663
· 392, 716 . 398,901. 419, 44 aries 166,117.181,731.·
8160030098, 595 anun 50, 161. 98, 599. 191, 165. 330, 509 .
· an·
1 3 ’

